f0_num      = [2, 4, 6]
solo_t_p100 = [0.0658, 0.1908, 0.3691]
solo_t_rtx  = [0.0530, 0.1512, 0.3039]
multi       = [0.0637, 0.1857, 0.3726]
split_var   = [0.0727, 0.1973, 0.3829]

f0_num      = [2, 20, 50, 100, 150, 200, 250, 275]
solo_t_p100 = [0.00839, 0.05095, 0.12815, 0.2635, 0.4004, 0.5348, 0.6862, 0.7616]
solo_t_rtx  = [0.00819, 0.03674, 0.08326, 0.1641, 0.2554, 0.3424, 0.4328, 0.4876]
multi_pipe  = [0.00911, 0.03756, 0.08129, 0.1637, 0.2521, 0.3402, 0.4332, 0.4841]
multi_queue = [0.00826, 0.03832, 0.08249, 0.1648, 0.2520, 0.3417, 0.4358, 0.4864]
split_var   = [0.00906, 0.05142, 0.12882, 0.2618, 0.4011, 0.5284, 0.6867, 0.7582]